,algo,family_lable,ari,fmi,homogeneity,completeness,v_measure,tp,fp,fn,tn,family_size,re_size
162,<class 'sklearn.covariance._elliptic_envelope.EllipticEnvelope'>,Enterobacter,0.8786544398038859,0.9779019890632276,0.8386529623245021,0.7413703755943142,0.7870168076007836,0.09090909090909091,0.0,0.01818181818181818,0.8909090909090909,55,5
23,<class 'sklearn.cluster._dbscan.DBSCAN'>,Frankia,0.463618802318094,0.9591678096644419,0.6120359227353217,0.2640240425582367,0.36890670710490103,0.0196078431372549,0.0,0.0392156862745098,0.9411764705882353,51,1
22,<class 'sklearn.cluster._dbscan.DBSCAN'>,Flavobacterium,0.6198307300626161,0.9583555915861839,0.672936898444718,0.4045313958088335,0.505303226593225,0.038461538461538464,0.0,0.038461538461538464,0.9230769230769231,52,2
39,<class 'sklearn.cluster._dbscan.DBSCAN'>,Sphaerotilus,0.6980018048214516,0.9575823054437779,0.7081092142671571,0.49294165155975356,0.5812518611777698,0.05660377358490566,0.0,0.03773584905660377,0.9056603773584906,53,3
174,<class 'sklearn.covariance._elliptic_envelope.EllipticEnvelope'>,Moraxella,0.7447833065810594,0.9568496885950687,0.7321596405397185,0.5542157893504782,0.6308802604336415,0.07407407407407407,0.0,0.037037037037037035,0.8888888888888888,54,4
18,<class 'sklearn.cluster._dbscan.DBSCAN'>,Enterobacter,0.7758362882898279,0.9561592502843783,0.7500512813611632,0.599452157462862,0.6663485929484374,0.09090909090909091,0.0,0.03636363636363636,0.8727272727272727,55,5
10,<class 'sklearn.cluster._dbscan.DBSCAN'>,Chlorella,0.506821821720356,0.9391843282252444,0.2743321339033384,0.33761301296755664,0.30270065464042434,0.037037037037037035,0.037037037037037035,0.018518518518518517,0.9074074074074074,54,4
185,<class 'sklearn.covariance._elliptic_envelope.EllipticEnvelope'>,Streptomyces,0.5436997918410137,0.9386503207015755,0.6167940320942551,0.3414107948907943,0.43953053637556627,0.044585987261146494,0.0,0.05732484076433121,0.8980891719745223,157,7
183,<class 'sklearn.covariance._elliptic_envelope.EllipticEnvelope'>,Sphaerotilus,0.5952582358193524,0.9369687007474506,0.6392515284712909,0.3937178184645023,0.48730336091078497,0.05660377358490566,0.0,0.05660377358490566,0.8867924528301887,53,3
41,<class 'sklearn.cluster._dbscan.DBSCAN'>,Streptomyces,0.513545721776436,0.9320662360091536,0.597489531419879,0.31756656014498963,0.4147127087939871,0.044585987261146494,0.0,0.06369426751592357,0.89171974522293,157,7
190,<class 'sklearn.covariance._elliptic_envelope.EllipticEnvelope'>,Thermus,0.43626603012634224,0.9297267996688643,0.5630044070805916,0.2534424952159976,0.34953710118009346,0.033816425120772944,0.0,0.06763285024154589,0.8985507246376812,207,7
43,<class 'sklearn.cluster._dbscan.DBSCAN'>,Thermococcus,-0.028976175144880875,0.9209370289426528,0.012443374527241603,0.005367903947640151,0.007500285770158736,0.0,0.0196078431372549,0.058823529411764705,0.9215686274509803,51,1
188,<class 'sklearn.covariance._elliptic_envelope.EllipticEnvelope'>,Thermoplasma,0.2823353293413174,0.9200777744431793,0.49166314964863234,0.1479327371530255,0.22743446912551735,0.0196078431372549,0.0,0.0784313725490196,0.9019607843137255,51,1
44,<class 'sklearn.cluster._dbscan.DBSCAN'>,Thermoplasma,0.2823353293413174,0.9200777744431793,0.49166314964863234,0.1479327371530255,0.22743446912551735,0.0196078431372549,0.0,0.0784313725490196,0.9019607843137255,51,1
153,<class 'sklearn.covariance._elliptic_envelope.EllipticEnvelope'>,Brevibacterium,0.2823353293413174,0.9200777744431793,0.49166314964863234,0.1479327371530255,0.22743446912551735,0.0196078431372549,0.0,0.0784313725490196,0.9019607843137255,51,1
159,<class 'sklearn.covariance._elliptic_envelope.EllipticEnvelope'>,Deinococcus,0.2823353293413174,0.9200777744431793,0.49166314964863234,0.1479327371530255,0.22743446912551735,0.0196078431372549,0.0,0.0784313725490196,0.9019607843137255,51,1
161,<class 'sklearn.covariance._elliptic_envelope.EllipticEnvelope'>,Diplococcus,0.2823353293413174,0.9200777744431793,0.49166314964863234,0.1479327371530255,0.22743446912551735,0.0196078431372549,0.0,0.0784313725490196,0.9019607843137255,51,1
17,<class 'sklearn.cluster._dbscan.DBSCAN'>,Diplococcus,0.2823353293413174,0.9200777744431793,0.49166314964863234,0.1479327371530255,0.22743446912551735,0.0196078431372549,0.0,0.0784313725490196,0.9019607843137255,51,1
160,<class 'sklearn.covariance._elliptic_envelope.EllipticEnvelope'>,Desulfovibrio,0.25485248665258314,0.9115695326101602,0.47017695946449123,0.1326861937192259,0.20696567967825538,0.0196078431372549,0.0,0.08823529411764706,0.8921568627450981,102,2
189,<class 'sklearn.covariance._elliptic_envelope.EllipticEnvelope'>,Thermotoga,0.25485248665258314,0.9115695326101602,0.47017695946449123,0.1326861937192259,0.20696567967825538,0.0196078431372549,0.0,0.08823529411764706,0.8921568627450981,102,2
170,<class 'sklearn.covariance._elliptic_envelope.EllipticEnvelope'>,Klebsiella,0.25485248665258314,0.9115695326101602,0.47017695946449123,0.1326861937192259,0.20696567967825538,0.0196078431372549,0.0,0.08823529411764706,0.8921568627450981,102,2
181,<class 'sklearn.covariance._elliptic_envelope.EllipticEnvelope'>,Salmonella,0.32687734044686106,0.9100046418975695,0.2938327517060728,0.1418983542457077,0.19137666933144515,0.028846153846153848,0.009615384615384616,0.07692307692307693,0.8846153846153846,104,4
16,<class 'sklearn.cluster._dbscan.DBSCAN'>,Desulfovibrio,0.23085462760984732,0.9023296511950195,0.45075358144074246,0.12010075033948937,0.18966605081342042,0.0196078431372549,0.0,0.09803921568627451,0.8823529411764706,102,2
20,<class 'sklearn.cluster._dbscan.DBSCAN'>,Eubacterium,-0.030212541717899173,0.9021274818888028,0.016766492616712907,0.005885742781720218,0.008712893995478197,0.0,0.0196078431372549,0.0784313725490196,0.9019607843137255,51,1
0,<class 'sklearn.cluster._dbscan.DBSCAN'>,Aeropyrum,-0.030212541717899173,0.9021274818888028,0.016766492616712907,0.005885742781720218,0.008712893995478197,0.0,0.0196078431372549,0.0784313725490196,0.9019607843137255,51,1
177,<class 'sklearn.covariance._elliptic_envelope.EllipticEnvelope'>,Nocardia,0.22267379250297864,0.9015545564162515,0.20881124961107098,0.08093465192634508,0.11665439073273529,0.019417475728155338,0.009708737864077669,0.08737864077669903,0.883495145631068,103,3
179,<class 'sklearn.covariance._elliptic_envelope.EllipticEnvelope'>,Pyrococcus,0.22267379250297864,0.9015545564162515,0.20881124961107098,0.08093465192634508,0.11665439073273529,0.019417475728155338,0.009708737864077669,0.08737864077669903,0.883495145631068,103,3
38,<class 'sklearn.cluster._dbscan.DBSCAN'>,Shewanella,0.23031496062992127,0.9012575683950169,0.4507535814407424,0.12010075033949029,0.18966605081342153,0.0196078431372549,0.0,0.09803921568627451,0.8823529411764706,51,1
167,<class 'sklearn.covariance._elliptic_envelope.EllipticEnvelope'>,Frankia,0.23031496062992127,0.9012575683950169,0.4507535814407424,0.12010075033949029,0.18966605081342153,0.0196078431372549,0.0,0.09803921568627451,0.8823529411764706,51,1
182,<class 'sklearn.covariance._elliptic_envelope.EllipticEnvelope'>,Shewanella,0.23031496062992127,0.9012575683950169,0.4507535814407424,0.12010075033949029,0.18966605081342153,0.0196078431372549,0.0,0.09803921568627451,0.8823529411764706,51,1
156,<class 'sklearn.covariance._elliptic_envelope.EllipticEnvelope'>,Citrobacter,0.4382149990920646,0.8970972715858277,0.25306732386104097,0.2237118633928022,0.23748588066886883,0.05454545454545454,0.03636363636363636,0.05454545454545454,0.8545454545454545,55,5
191,<class 'sklearn.covariance._elliptic_envelope.EllipticEnvelope'>,Xanthomonas,0.20558762631314134,0.8970870823718041,0.12821348330016935,0.06388273219273119,0.08527630381624712,0.019230769230769232,0.019230769230769232,0.08173076923076923,0.8798076923076923,208,8
155,<class 'sklearn.covariance._elliptic_envelope.EllipticEnvelope'>,Chlorobium,0.10884986754986345,0.8934793337539082,0.10032311958540002,0.028311665665171255,0.0441609105135304,0.00980392156862745,0.00980392156862745,0.09803921568627451,0.8823529411764706,102,2
26,<class 'sklearn.cluster._dbscan.DBSCAN'>,Klebsiella,0.21004037470199277,0.8932206327229614,0.433030470614115,0.10954123194031691,0.17485132746673832,0.0196078431372549,0.0,0.10784313725490197,0.8725490196078431,102,2
163,<class 'sklearn.covariance._elliptic_envelope.EllipticEnvelope'>,Escherichia,0.17815692690179136,0.8878673513225979,0.07358550168850084,0.04806272245950832,0.05814666953781383,0.018957345971563982,0.03317535545023697,0.07582938388625593,0.8720379146919431,211,11
169,<class 'sklearn.covariance._elliptic_envelope.EllipticEnvelope'>,Helicobacter,0.03122345973455338,0.88533097251156,0.0069405316935464995,0.0026369457977027657,0.003821842630242101,0.004866180048661801,0.021897810218978103,0.0948905109489051,0.878345498783455,411,11
13,<class 'sklearn.cluster._dbscan.DBSCAN'>,Clostridium,0.05229984455554004,0.88470627814606,0.019217340814863728,0.006939810480030431,0.010197188652675679,0.006493506493506494,0.01948051948051948,0.09740259740259741,0.8766233766233766,154,4
152,<class 'sklearn.covariance._elliptic_envelope.EllipticEnvelope'>,Bifidobacterium,0.08726858216478783,0.8838812942987014,0.04260093205262327,0.016512001215638228,0.02379941589594289,0.009708737864077669,0.019417475728155338,0.0970873786407767,0.8737864077669902,103,3
186,<class 'sklearn.covariance._elliptic_envelope.EllipticEnvelope'>,Sulfolobus,-0.030688622754491017,0.8838403212710657,0.021183606185823278,0.006373772059346194,0.009799152591525005,0.0,0.0196078431372549,0.09803921568627451,0.8823529411764706,51,1
165,<class 'sklearn.covariance._elliptic_envelope.EllipticEnvelope'>,Fischerella,-0.030688622754491017,0.8838403212710657,0.021183606185823278,0.006373772059346194,0.009799152591525005,0.0,0.0196078431372549,0.09803921568627451,0.8823529411764706,51,1
164,<class 'sklearn.covariance._elliptic_envelope.EllipticEnvelope'>,Eubacterium,-0.030688622754491017,0.8838403212710657,0.021183606185823278,0.006373772059346194,0.009799152591525005,0.0,0.0196078431372549,0.09803921568627451,0.8823529411764706,51,1
158,<class 'sklearn.covariance._elliptic_envelope.EllipticEnvelope'>,Corynebacterium,-0.030688622754491017,0.8838403212710657,0.021183606185823278,0.006373772059346194,0.009799152591525005,0.0,0.0196078431372549,0.09803921568627451,0.8823529411764706,51,1
180,<class 'sklearn.covariance._elliptic_envelope.EllipticEnvelope'>,Rhodobacter,-0.030688622754491017,0.8838403212710657,0.021183606185823278,0.006373772059346194,0.009799152591525005,0.0,0.0196078431372549,0.09803921568627451,0.8823529411764706,51,1
144,<class 'sklearn.covariance._elliptic_envelope.EllipticEnvelope'>,Aeropyrum,-0.030688622754491017,0.8838403212710657,0.021183606185823278,0.006373772059346194,0.009799152591525005,0.0,0.0196078431372549,0.09803921568627451,0.8823529411764706,51,1
42,<class 'sklearn.cluster._dbscan.DBSCAN'>,Sulfolobus,-0.030688622754491017,0.8838403212710657,0.021183606185823278,0.006373772059346194,0.009799152591525005,0.0,0.0196078431372549,0.09803921568627451,0.8823529411764706,51,1
149,<class 'sklearn.covariance._elliptic_envelope.EllipticEnvelope'>,Arthrospira,-0.030688622754491017,0.8838403212710657,0.021183606185823278,0.006373772059346194,0.009799152591525005,0.0,0.0196078431372549,0.09803921568627451,0.8823529411764706,51,1
2,<class 'sklearn.cluster._dbscan.DBSCAN'>,Agrobacterium,-0.030688622754491017,0.8838403212710657,0.021183606185823278,0.006373772059346194,0.009799152591525005,0.0,0.0196078431372549,0.09803921568627451,0.8823529411764706,51,1
187,<class 'sklearn.covariance._elliptic_envelope.EllipticEnvelope'>,Thermococcus,-0.030688622754491017,0.8838403212710657,0.021183606185823278,0.006373772059346194,0.009799152591525005,0.0,0.0196078431372549,0.09803921568627451,0.8823529411764706,51,1
146,<class 'sklearn.covariance._elliptic_envelope.EllipticEnvelope'>,Agrobacterium,-0.030688622754491017,0.8838403212710657,0.021183606185823278,0.006373772059346194,0.009799152591525005,0.0,0.0196078431372549,0.09803921568627451,0.8823529411764706,51,1
145,<class 'sklearn.covariance._elliptic_envelope.EllipticEnvelope'>,Agmenellum,-0.030688622754491017,0.8838403212710657,0.021183606185823278,0.006373772059346194,0.009799152591525005,0.0,0.0196078431372549,0.09803921568627451,0.8823529411764706,51,1
173,<class 'sklearn.covariance._elliptic_envelope.EllipticEnvelope'>,Methylococcus,-0.030688622754491017,0.8838403212710657,0.021183606185823278,0.006373772059346194,0.009799152591525005,0.0,0.0196078431372549,0.09803921568627451,0.8823529411764706,51,1
29,<class 'sklearn.cluster._dbscan.DBSCAN'>,Methylococcus,0.19123693175143897,0.8829621891004893,0.4167331755524075,0.1005590683364424,0.16202175993746998,0.0196078431372549,0.0,0.11764705882352941,0.8627450980392157,51,1
175,<class 'sklearn.covariance._elliptic_envelope.EllipticEnvelope'>,Mycoplasma,0.17456966547580383,0.8813737573513271,0.11279267219407388,0.051416315273686154,0.07063418005948861,0.019230769230769232,0.019230769230769232,0.09615384615384616,0.8653846153846154,52,2
151,<class 'sklearn.covariance._elliptic_envelope.EllipticEnvelope'>,Bacteroides,0.17456966547580383,0.8813737573513271,0.11279267219407388,0.051416315273686154,0.07063418005948861,0.019230769230769232,0.019230769230769232,0.09615384615384616,0.8653846153846154,52,2
166,<class 'sklearn.covariance._elliptic_envelope.EllipticEnvelope'>,Flavobacterium,0.17456966547580383,0.8813737573513271,0.11279267219407388,0.051416315273686154,0.07063418005948861,0.019230769230769232,0.019230769230769232,0.09615384615384616,0.8653846153846154,52,2
89,<class 'sklearn.ensemble._iforest.IsolationForest'>,Streptomyces,0.3388125619064266,0.8812978148751368,0.48193642528585223,0.20035341199468845,0.2830398516718391,0.044585987261146494,0.0,0.11464968152866242,0.8407643312101911,157,7
178,<class 'sklearn.covariance._elliptic_envelope.EllipticEnvelope'>,Pseudomonas,0.2932460797629337,0.8792900662596095,0.1490920873335172,0.11285679282532533,0.12846823244207764,0.037037037037037035,0.037037037037037035,0.07407407407407407,0.8518518518518519,54,4
154,<class 'sklearn.covariance._elliptic_envelope.EllipticEnvelope'>,Chlorella,0.2932460797629337,0.8792900662596095,0.1490920873335172,0.11285679282532533,0.12846823244207764,0.037037037037037035,0.037037037037037035,0.07407407407407407,0.8518518518518519,54,4
87,<class 'sklearn.ensemble._iforest.IsolationForest'>,Sphaerotilus,0.3866739900376901,0.8778536245155478,0.5030892721804947,0.2401984273146218,0.3251533748202609,0.05660377358490566,0.0,0.11320754716981132,0.8301886792452831,53,3
148,<class 'sklearn.covariance._elliptic_envelope.EllipticEnvelope'>,Arthrobacter,-0.0375148760584774,0.8734940058566528,0.023985218397299682,0.0086615974396757,0.012727140514868713,0.0,0.025974025974025976,0.1038961038961039,0.8701298701298701,154,4
157,<class 'sklearn.covariance._elliptic_envelope.EllipticEnvelope'>,Clostridium,-0.0375148760584774,0.8734940058566528,0.023985218397299682,0.0086615974396757,0.012727140514868713,0.0,0.025974025974025976,0.1038961038961039,0.8701298701298701,154,4
32,<class 'sklearn.cluster._dbscan.DBSCAN'>,Neisseria,0.33245375831824775,0.871501570154437,0.3530758520562438,0.1761827844411918,0.235068008132605,0.014925373134328358,0.05223880597014925,0.09701492537313433,0.835820895522388,268,18
64,<class 'sklearn.ensemble._iforest.IsolationForest'>,Desulfovibrio,0.16141813441979308,0.8667198676899684,0.38760917830812086,0.08610752365469138,0.14091150407680622,0.0196078431372549,0.0,0.13725490196078433,0.8431372549019608,102,2
21,<class 'sklearn.cluster._dbscan.DBSCAN'>,Fischerella,-0.030708661417322834,0.8661085232276111,0.025698893821255796,0.006847325363367009,0.010813464167653667,0.0,0.0196078431372549,0.11764705882352941,0.8627450980392157,51,1
31,<class 'sklearn.cluster._dbscan.DBSCAN'>,Mycoplasma,-0.051559628408146825,0.865518723145527,0.02434732630227051,0.012538942970179568,0.0165530286473585,0.0,0.038461538461538464,0.09615384615384616,0.8653846153846154,52,2
33,<class 'sklearn.cluster._dbscan.DBSCAN'>,Nocardia,0.21881353249820434,0.8651758418654288,0.4159648443156446,0.12228901611102179,0.18901093067056585,0.02912621359223301,0.0,0.13592233009708737,0.8349514563106796,103,3
168,<class 'sklearn.covariance._elliptic_envelope.EllipticEnvelope'>,Haemophilus,0.1739504446008219,0.864681921296602,0.059562030222914765,0.04683585498894389,0.0524378582302237,0.024691358024691357,0.04938271604938271,0.08024691358024691,0.845679012345679,162,12
176,<class 'sklearn.covariance._elliptic_envelope.EllipticEnvelope'>,Neisseria,0.08784871010596815,0.8593137949514248,0.018804146280886388,0.01417224989139423,0.01616289777056148,0.014925373134328358,0.05223880597014925,0.08582089552238806,0.8470149253731343,268,18
47,<class 'sklearn.cluster._dbscan.DBSCAN'>,Xanthomonas,0.1711266028663021,0.8534585243201244,0.14425068536672273,0.045588645935186814,0.06928167494051227,0.019230769230769232,0.019230769230769232,0.09615384615384616,0.8653846153846154,208,8
46,<class 'sklearn.cluster._dbscan.DBSCAN'>,Thermus,0.2345176507335824,0.8515387435185459,0.5153701066603746,0.12253812347894807,0.19799865492726051,0.033816425120772944,0.0,0.08695652173913043,0.8792270531400966,207,7
94,<class 'sklearn.ensemble._iforest.IsolationForest'>,Thermus,0.20280369145784508,0.8437679845974804,0.3935827635514321,0.11847824861351697,0.18213062663329851,0.033816425120772944,0.0,0.15942028985507245,0.8067632850241546,207,7
184,<class 'sklearn.covariance._elliptic_envelope.EllipticEnvelope'>,Streptococcus,-0.06795582871133764,0.8401412990524931,0.029137437566274186,0.020954926639213358,0.02437788179257259,0.0,0.0625,0.1,0.8375,320,20
30,<class 'sklearn.cluster._dbscan.DBSCAN'>,Moraxella,0.3464974982130093,0.8378265945976596,0.4643192810794364,0.23145747414196582,0.30892140959742714,0.07407407407407407,0.0,0.14814814814814814,0.7777777777777778,54,4
12,<class 'sklearn.cluster._dbscan.DBSCAN'>,Citrobacter,0.34154883901932803,0.8364354502155553,0.28480758549359114,0.17338579363136494,0.2155491174374741,0.07272727272727272,0.01818181818181818,0.12727272727272726,0.7818181818181819,55,5
66,<class 'sklearn.ensemble._iforest.IsolationForest'>,Enterobacter,0.38578311662596526,0.8348210990982834,0.48304223678623703,0.2690894500871971,0.3456351384583295,0.09090909090909091,0.0,0.14545454545454545,0.7636363636363637,55,5
8,<class 'sklearn.cluster._dbscan.DBSCAN'>,Bifidobacterium,0.048010479046228204,0.834767144115443,0.05831848987705575,0.014365230439266324,0.023052164702301203,0.009708737864077669,0.019417475728155338,0.08737864077669903,0.883495145631068,103,3
86,<class 'sklearn.ensemble._iforest.IsolationForest'>,Shewanella,0.11649862511457379,0.8315678045512104,0.33952496221652345,0.06620737684281167,0.11080732274448242,0.0196078431372549,0.0,0.17647058823529413,0.803921568627451,51,1
61,<class 'sklearn.ensemble._iforest.IsolationForest'>,Clostridium,0.01700007435758734,0.828346307932157,0.004678922940137682,0.001241342956250027,0.001962124045178599,0.006493506493506494,0.01948051948051948,0.16233766233766234,0.8116883116883117,154,4
34,<class 'sklearn.cluster._dbscan.DBSCAN'>,Pseudomonas,0.17648187224247075,0.8239640807781841,0.09184092010490771,0.05382350481585838,0.06787107021152503,0.037037037037037035,0.037037037037037035,0.12962962962962962,0.7962962962962963,54,4
73,<class 'sklearn.ensemble._iforest.IsolationForest'>,Helicobacter,0.0655719177077443,0.8181297394932546,0.06670842630093012,0.016572929142888,0.02654985660181027,0.014598540145985401,0.012165450121654502,0.18248175182481752,0.7907542579075426,411,11
50,<class 'sklearn.ensemble._iforest.IsolationForest'>,Agrobacterium,0.09987085665088248,0.8157229223856225,0.3191738423312118,0.05907845268009641,0.09970221986531673,0.0196078431372549,0.0,0.19607843137254902,0.7843137254901961,51,1
71,<class 'sklearn.ensemble._iforest.IsolationForest'>,Frankia,0.09987085665088248,0.8157229223856225,0.3191738423312118,0.05907845268009641,0.09970221986531673,0.0196078431372549,0.0,0.19607843137254902,0.7843137254901961,51,1
84,<class 'sklearn.ensemble._iforest.IsolationForest'>,Rhodobacter,0.09987085665088248,0.8157229223856225,0.3191738423312118,0.05907845268009641,0.09970221986531673,0.0196078431372549,0.0,0.19607843137254902,0.7843137254901961,51,1
9,<class 'sklearn.cluster._dbscan.DBSCAN'>,Brevibacterium,0.09987085665088248,0.8157229223856225,0.3191738423312118,0.05907845268009641,0.09970221986531673,0.0196078431372549,0.0,0.19607843137254902,0.7843137254901961,51,1
147,<class 'sklearn.covariance._elliptic_envelope.EllipticEnvelope'>,Anabaena,-0.07976293369551797,0.8152190738955344,0.034412660271568175,0.026049018028360408,0.02965236933619754,0.0,0.07407407407407407,0.1111111111111111,0.8148148148148148,54,4
88,<class 'sklearn.ensemble._iforest.IsolationForest'>,Streptococcus,0.024171004207336012,0.81505136428263,0.002591609107993688,0.0014333654268504834,0.0018458367192888542,0.0125,0.05,0.1375,0.8,320,20
95,<class 'sklearn.ensemble._iforest.IsolationForest'>,Xanthomonas,0.0783710466901463,0.8115421433132693,0.056713519684932594,0.0186262384693142,0.028042551979605847,0.019230769230769232,0.019230769230769232,0.1778846153846154,0.7836538461538461,208,8
171,<class 'sklearn.covariance._elliptic_envelope.EllipticEnvelope'>,Lactococcus,-0.08304049420258265,0.8112639652899177,0.03305265142814905,0.03097372536331339,0.03197943719974265,0.0,0.09090909090909091,0.1,0.8090909090909091,110,10
81,<class 'sklearn.ensemble._iforest.IsolationForest'>,Nocardia,0.1300561223959866,0.8078184356654747,0.33335812980637897,0.08086472832867267,0.13015657670035344,0.02912621359223301,0.0,0.20388349514563106,0.7669902912621359,103,3
85,<class 'sklearn.ensemble._iforest.IsolationForest'>,Salmonella,0.16202073515551366,0.8054353988392472,0.35168984285346033,0.10395535469593364,0.16047592536219088,0.038461538461538464,0.0,0.20192307692307693,0.7596153846153846,104,4
74,<class 'sklearn.ensemble._iforest.IsolationForest'>,Klebsiella,0.08648788521485938,0.8028919683291513,0.3006782061690247,0.05318627159763545,0.09038461751077903,0.0196078431372549,0.0,0.21568627450980393,0.7647058823529411,102,2
56,<class 'sklearn.ensemble._iforest.IsolationForest'>,Bifidobacterium,0.02372875628652473,0.8012931037831442,0.010420898032865838,0.0027135415173292344,0.004305861601778969,0.009708737864077669,0.019417475728155338,0.1941747572815534,0.7766990291262136,103,3
150,<class 'sklearn.covariance._elliptic_envelope.EllipticEnvelope'>,Bacillus,-0.07093878307065,0.801070215347033,0.018386741113376043,0.01886805870805866,0.018624290692199716,0.0019880715705765406,0.10337972166998012,0.09940357852882704,0.7952286282306164,503,53
172,<class 'sklearn.covariance._elliptic_envelope.EllipticEnvelope'>,Methanocaldococcus,-0.08761576175776285,0.8006263333730135,0.03624737285782633,0.032042727608605194,0.03401560949765492,0.0,0.09090909090909091,0.10909090909090909,0.8,55,5
92,<class 'sklearn.ensemble._iforest.IsolationForest'>,Thermoplasma,0.08579809337570277,0.8005864881025361,0.3006782061690191,0.0531862715976349,0.09038461751077799,0.0196078431372549,0.0,0.21568627450980393,0.7647058823529411,51,1
52,<class 'sklearn.ensemble._iforest.IsolationForest'>,Arthrobacter,0.07594116718849919,0.7972761039784496,0.13248884846420175,0.029348025031876314,0.048051917429881505,0.01948051948051948,0.006493506493506494,0.21428571428571427,0.7597402597402597,154,4
80,<class 'sklearn.ensemble._iforest.IsolationForest'>,Neisseria,0.15129920323023557,0.797262553452981,0.10804673240769896,0.0509356058573945,0.0692331718875753,0.041044776119402986,0.026119402985074626,0.17537313432835822,0.7574626865671642,268,18
11,<class 'sklearn.cluster._dbscan.DBSCAN'>,Chlorobium,0.04337659632132136,0.7877225010096922,0.1997326926408739,0.025704456136976896,0.04554724245706969,0.0,0.0196078431372549,0.09803921568627451,0.8823529411764706,102,2
69,<class 'sklearn.ensemble._iforest.IsolationForest'>,Fischerella,-0.02746448557899268,0.7870490257199462,0.04991572095310864,0.009239302120694964,0.015592468821546548,0.0,0.0196078431372549,0.21568627450980393,0.7647058823529411,51,1
77,<class 'sklearn.ensemble._iforest.IsolationForest'>,Methylococcus,0.07373486494877367,0.7861995275653009,0.28372762067795226,0.04823735533003574,0.08245610859417078,0.0196078431372549,0.0,0.23529411764705882,0.7450980392156863,51,1
15,<class 'sklearn.cluster._dbscan.DBSCAN'>,Deinococcus,0.07373486494877367,0.7861995275653009,0.28372762067795226,0.04823735533003574,0.08245610859417078,0.0196078431372549,0.0,0.23529411764705882,0.7450980392156863,51,1
1,<class 'sklearn.cluster._dbscan.DBSCAN'>,Agmenellum,0.07373486494877367,0.7861995275653009,0.28372762067795226,0.04823735533003574,0.08245610859417078,0.0196078431372549,0.0,0.23529411764705882,0.7450980392156863,51,1
78,<class 'sklearn.ensemble._iforest.IsolationForest'>,Moraxella,0.23891109649344736,0.7858871004070691,0.38994017845195134,0.1742673359234786,0.24088242122606737,0.07407407407407407,0.0,0.2037037037037037,0.7222222222222222,54,4
55,<class 'sklearn.ensemble._iforest.IsolationForest'>,Bacteroides,0.13005445360509107,0.7804323062703838,0.3226998307586119,0.09031484659197692,0.14113099271521276,0.038461538461538464,0.0,0.23076923076923078,0.7307692307692307,52,2
45,<class 'sklearn.cluster._dbscan.DBSCAN'>,Thermotoga,0.07745768770699296,0.7762668540901534,0.33952496221651385,0.04645485527826991,0.0817275011191038,0.0196078431372549,0.0,0.17647058823529413,0.803921568627451,102,2
82,<class 'sklearn.ensemble._iforest.IsolationForest'>,Pseudomonas,0.10498570407433881,0.7741704957902397,0.05690690909825109,0.028367397129162614,0.03786136671644444,0.037037037037037035,0.037037037037037035,0.18518518518518517,0.7407407407407407,54,4
91,<class 'sklearn.ensemble._iforest.IsolationForest'>,Thermococcus,-0.026399413346370082,0.7734309162699123,0.05512581036683671,0.009751076938919133,0.0165709558682727,0.0,0.0196078431372549,0.23529411764705882,0.7450980392156863,51,1
83,<class 'sklearn.ensemble._iforest.IsolationForest'>,Pyrococcus,0.054598872908818666,0.7725192853607911,0.0818844527535754,0.018744795972363046,0.0305061874078909,0.019417475728155338,0.009708737864077669,0.24271844660194175,0.7281553398058253,103,3
27,<class 'sklearn.cluster._dbscan.DBSCAN'>,Lactococcus,-0.09077367563406612,0.7708547611282796,0.049380025491908175,0.03627052046444513,0.041822015379838304,0.0,0.09090909090909091,0.14545454545454545,0.7636363636363637,110,10
60,<class 'sklearn.ensemble._iforest.IsolationForest'>,Citrobacter,0.15708534090159065,0.7698183438848464,0.10096577377812618,0.05624523587076603,0.07224486088738921,0.05454545454545454,0.03636363636363636,0.18181818181818182,0.7272727272727273,55,5
93,<class 'sklearn.ensemble._iforest.IsolationForest'>,Thermotoga,0.059279223330811405,0.7688861051864053,0.2606914962871164,0.04214379702493224,0.07255778800081489,0.0196078431372549,0.0,0.2647058823529412,0.7156862745098039,102,2
28,<class 'sklearn.cluster._dbscan.DBSCAN'>,Methanocaldococcus,-0.09331050012809967,0.7681754789370747,0.0493800254919071,0.03627052046444439,0.04182201537983742,0.0,0.09090909090909091,0.14545454545454545,0.7636363636363637,55,5
67,<class 'sklearn.ensemble._iforest.IsolationForest'>,Escherichia,0.10467955646291181,0.7670349562829245,0.12260942234453025,0.04303047119608267,0.06370375039236603,0.037914691943127965,0.014218009478672985,0.23222748815165878,0.7156398104265402,211,11
35,<class 'sklearn.cluster._dbscan.DBSCAN'>,Pyrococcus,0.10147293844297103,0.7662467979707233,0.3539805580445058,0.0641805417130903,0.10865986331281496,0.02912621359223301,0.0,0.18446601941747573,0.7864077669902912,103,3
40,<class 'sklearn.cluster._dbscan.DBSCAN'>,Streptococcus,-0.03880614491754914,0.7634216296176312,0.014069182266475404,0.0056985016646193725,0.00811154800378309,0.00625,0.05625,0.15625,0.78125,320,20
19,<class 'sklearn.cluster._dbscan.DBSCAN'>,Escherichia,0.12030478795313197,0.7606416458804327,0.19034390645964147,0.057844644965156046,0.088725895108623,0.04265402843601896,0.009478672985781991,0.2132701421800948,0.7345971563981043,211,11
90,<class 'sklearn.ensemble._iforest.IsolationForest'>,Sulfolobus,-0.025225085377212048,0.7606403751737113,0.06047303865436228,0.010281196615568478,0.017574501313579943,0.0,0.0196078431372549,0.2549019607843137,0.7254901960784313,51,1
62,<class 'sklearn.ensemble._iforest.IsolationForest'>,Corynebacterium,0.05413533834586466,0.759842446970217,0.253559020576412,0.04039422015840193,0.06968672211069328,0.0196078431372549,0.0,0.27450980392156865,0.7058823529411765,51,1
57,<class 'sklearn.ensemble._iforest.IsolationForest'>,Brevibacterium,0.05413533834586466,0.759842446970217,0.253559020576412,0.04039422015840193,0.06968672211069328,0.0196078431372549,0.0,0.27450980392156865,0.7058823529411765,51,1
63,<class 'sklearn.ensemble._iforest.IsolationForest'>,Deinococcus,0.05413533834586466,0.759842446970217,0.253559020576412,0.04039422015840193,0.06968672211069328,0.0196078431372549,0.0,0.27450980392156865,0.7058823529411765,51,1
53,<class 'sklearn.ensemble._iforest.IsolationForest'>,Arthrospira,0.05413533834586466,0.759842446970217,0.253559020576412,0.04039422015840193,0.06968672211069328,0.0196078431372549,0.0,0.27450980392156865,0.7058823529411765,51,1
24,<class 'sklearn.cluster._dbscan.DBSCAN'>,Haemophilus,0.20866577232811118,0.7541054108068889,0.37292762187907935,0.1057447580114732,0.16476881803965457,0.024691358024691357,0.04938271604938271,0.12962962962962962,0.7962962962962963,162,12
14,<class 'sklearn.cluster._dbscan.DBSCAN'>,Corynebacterium,0.07004239771121298,0.7538147272186949,0.36214622269949165,0.04559099561789445,0.08098650851773632,0.0196078431372549,0.0,0.1568627450980392,0.8235294117647058,51,1
72,<class 'sklearn.ensemble._iforest.IsolationForest'>,Haemophilus,0.098727509371004,0.7524990580376597,0.06851897373045011,0.03126620324730501,0.04293880561900672,0.043209876543209874,0.030864197530864196,0.2222222222222222,0.7037037037037037,162,12
3,<class 'sklearn.cluster._dbscan.DBSCAN'>,Anabaena,-0.08315311418685122,0.75237640973571,0.05995047744811857,0.03303669083838815,0.04259868163669314,0.0,0.07407407407407407,0.18518518518518517,0.7407407407407407,54,4
68,<class 'sklearn.ensemble._iforest.IsolationForest'>,Eubacterium,-0.023944080904223678,0.7487197351103584,0.06596482136672123,0.010832520706808981,0.01860911521369573,0.0,0.0196078431372549,0.27450980392156865,0.7058823529411765,51,1
65,<class 'sklearn.ensemble._iforest.IsolationForest'>,Diplococcus,0.04606858330446831,0.7479575920067657,0.24000422165857632,0.03723589815953225,0.06446954907824871,0.0196078431372549,0.0,0.29411764705882354,0.6862745098039216,51,1
59,<class 'sklearn.ensemble._iforest.IsolationForest'>,Chlorobium,0.013040657339665859,0.7457399149198064,0.01733332691641037,0.0027237970674209772,0.004707800087552637,0.00980392156862745,0.00980392156862745,0.29411764705882354,0.6862745098039216,102,2
58,<class 'sklearn.ensemble._iforest.IsolationForest'>,Chlorella,0.12232434658418835,0.742149941825401,0.13418078695422542,0.058303596384423735,0.0812868276317217,0.05555555555555555,0.018518518518518517,0.24074074074074073,0.6851851851851852,54,4
70,<class 'sklearn.ensemble._iforest.IsolationForest'>,Flavobacterium,0.08303325566617242,0.7404812983058277,0.2736329684229288,0.0705857297352443,0.11222274013062579,0.038461538461538464,0.0,0.28846153846153844,0.6730769230769231,52,2
48,<class 'sklearn.ensemble._iforest.IsolationForest'>,Aeropyrum,-0.022556390977443608,0.7377111135633174,0.07160919232318556,0.011407984908178001,0.01968066399157424,0.0,0.0196078431372549,0.29411764705882354,0.6862745098039216,51,1
49,<class 'sklearn.ensemble._iforest.IsolationForest'>,Agmenellum,0.03249310752264671,0.7269867224556095,0.2153395905102777,0.03200963072071838,0.055734485335997695,0.0196078431372549,0.0,0.3333333333333333,0.6470588235294118,51,1
54,<class 'sklearn.ensemble._iforest.IsolationForest'>,Bacillus,-0.038946630872292935,0.7209071227955596,0.00816767963338324,0.005261569628168864,0.0064001813138816945,0.013916500994035786,0.09145129224652088,0.20278330019880716,0.6918489065606361,503,53
79,<class 'sklearn.ensemble._iforest.IsolationForest'>,Mycoplasma,0.016945562380851514,0.7193548703941065,0.0157005466749602,0.00405007682620113,0.006439130414612635,0.019230769230769232,0.019230769230769232,0.3076923076923077,0.6538461538461539,52,2
25,<class 'sklearn.cluster._dbscan.DBSCAN'>,Helicobacter,0.06035876590730342,0.7148464014459501,0.24024851473660358,0.026186249820692068,0.04722512571808191,0.0170316301703163,0.009732360097323601,0.1386861313868613,0.8345498783454988,411,11
4,<class 'sklearn.cluster._dbscan.DBSCAN'>,Arthrobacter,0.07272002669111087,0.7090961329680366,0.3344797952096191,0.04679808577309396,0.082108167960031,0.01948051948051948,0.006493506493506494,0.08441558441558442,0.8896103896103896,154,4
76,<class 'sklearn.ensemble._iforest.IsolationForest'>,Methanocaldococcus,-0.024203536043730784,0.7070800697773397,0.0026982932588702903,0.0014490309530108968,0.001885509910801112,0.01818181818181818,0.07272727272727272,0.23636363636363636,0.6727272727272727,55,5
6,<class 'sklearn.cluster._dbscan.DBSCAN'>,Bacillus,-0.06657080067528398,0.6967358053375112,0.027412344381433845,0.012914634213691182,0.017557496889625497,0.009940357852882704,0.09542743538767395,0.16699801192842942,0.7276341948310139,503,53
122,<class 'sklearn.svm._classes.OneClassSVM'>,Klebsiella,0.002346893026870311,0.6907959838293899,0.14696457212882502,0.020467994981116955,0.035931720771617735,0.0196078431372549,0.0,0.47058823529411764,0.5098039215686274,102,2
141,<class 'sklearn.svm._classes.OneClassSVM'>,Thermotoga,0.0007771398966099176,0.6900871053637038,0.1428594048435671,0.0198907433795962,0.03491953515407994,0.0196078431372549,0.0,0.4803921568627451,0.5,102,2
36,<class 'sklearn.cluster._dbscan.DBSCAN'>,Rhodobacter,0.04341474815940166,0.6899481053388836,0.3395249622165197,0.03674666757916904,0.06631597991150663,0.0196078431372549,0.0,0.17647058823529413,0.803921568627451,51,1
112,<class 'sklearn.svm._classes.OneClassSVM'>,Desulfovibrio,-0.0007322832292195953,0.6896704506581811,0.13883555484580953,0.019335853523212897,0.03394423783658132,0.0196078431372549,0.0,0.49019607843137253,0.49019607843137253,102,2
107,<class 'sklearn.svm._classes.OneClassSVM'>,Chlorobium,-0.0007322832292195953,0.6896704506581811,0.13883555484580953,0.019335853523212897,0.03394423783658132,0.0196078431372549,0.0,0.49019607843137253,0.49019607843137253,102,2
121,<class 'sklearn.svm._classes.OneClassSVM'>,Helicobacter,0.0028729614174167668,0.6886047361512531,0.15397713507800798,0.027391768964484947,0.04650969395373221,0.0267639902676399,0.0,0.4720194647201946,0.5012165450121655,411,11
100,<class 'sklearn.svm._classes.OneClassSVM'>,Arthrobacter,0.00340642743958801,0.6879162727700022,0.15523438183024274,0.026980118808811848,0.04597045844654071,0.025974025974025976,0.0,0.4675324675324675,0.5064935064935064,154,4
116,<class 'sklearn.svm._classes.OneClassSVM'>,Eubacterium,0.0015709969788519637,0.6868571428571428,0.1469645721288326,0.020467994981118183,0.03593172077161986,0.0196078431372549,0.0,0.47058823529411764,0.5098039215686274,51,1
97,<class 'sklearn.svm._classes.OneClassSVM'>,Agmenellum,0.0015709969788519637,0.6868571428571428,0.1469645721288326,0.020467994981118183,0.03593172077161986,0.0196078431372549,0.0,0.47058823529411764,0.5098039215686274,51,1
98,<class 'sklearn.svm._classes.OneClassSVM'>,Agrobacterium,0.0015709969788519637,0.6868571428571428,0.1469645721288326,0.020467994981118183,0.03593172077161986,0.0196078431372549,0.0,0.47058823529411764,0.5098039215686274,51,1
101,<class 'sklearn.svm._classes.OneClassSVM'>,Arthrospira,0.0015709969788519637,0.6868571428571428,0.1469645721288326,0.020467994981118183,0.03593172077161986,0.0196078431372549,0.0,0.47058823529411764,0.5098039215686274,51,1
117,<class 'sklearn.svm._classes.OneClassSVM'>,Fischerella,0.0015709969788519637,0.6868571428571428,0.1469645721288326,0.020467994981118183,0.03593172077161986,0.0,0.0196078431372549,0.5098039215686274,0.47058823529411764,51,1
96,<class 'sklearn.svm._classes.OneClassSVM'>,Aeropyrum,0.0015709969788519637,0.6868571428571428,0.1469645721288326,0.020467994981118183,0.03593172077161986,0.0196078431372549,0.0,0.47058823529411764,0.5098039215686274,51,1
140,<class 'sklearn.svm._classes.OneClassSVM'>,Thermoplasma,0.0015709969788519637,0.6868571428571428,0.1469645721288326,0.020467994981118183,0.03593172077161986,0.0196078431372549,0.0,0.47058823529411764,0.5098039215686274,51,1
109,<class 'sklearn.svm._classes.OneClassSVM'>,Clostridium,-0.000661859361504274,0.6863679169389767,0.0,0.0,0.0,0.012987012987012988,0.012987012987012988,0.487012987012987,0.487012987012987,154,4
125,<class 'sklearn.svm._classes.OneClassSVM'>,Methylococcus,-0.004362843119432831,0.6857608019462199,0.13101934947788751,0.01828789011963489,0.03209579754145304,0.0196078431372549,0.0,0.5098039215686274,0.47058823529411764,51,1
111,<class 'sklearn.svm._classes.OneClassSVM'>,Deinococcus,-0.0015105740181268882,0.6857142857142857,0.1388355548458186,0.019335853523214326,0.033944237836583804,0.0196078431372549,0.0,0.49019607843137253,0.49019607843137253,51,1
113,<class 'sklearn.svm._classes.OneClassSVM'>,Diplococcus,-0.0015105740181268882,0.6857142857142857,0.1388355548458186,0.019335853523214326,0.033944237836583804,0.0196078431372549,0.0,0.49019607843137253,0.49019607843137253,51,1
139,<class 'sklearn.svm._classes.OneClassSVM'>,Thermococcus,-0.0015105740181268882,0.6857142857142857,0.1388355548458186,0.019335853523214326,0.033944237836583804,0.0,0.0196078431372549,0.49019607843137253,0.49019607843137253,51,1
138,<class 'sklearn.svm._classes.OneClassSVM'>,Sulfolobus,-0.0015105740181268882,0.6857142857142857,0.1388355548458186,0.019335853523214326,0.033944237836583804,0.0,0.0196078431372549,0.49019607843137253,0.49019607843137253,51,1
105,<class 'sklearn.svm._classes.OneClassSVM'>,Brevibacterium,-0.0015105740181268882,0.6857142857142857,0.1388355548458186,0.019335853523214326,0.033944237836583804,0.0196078431372549,0.0,0.49019607843137253,0.49019607843137253,51,1
134,<class 'sklearn.svm._classes.OneClassSVM'>,Shewanella,-0.0015105740181268882,0.6857142857142857,0.1388355548458186,0.019335853523214326,0.033944237836583804,0.0196078431372549,0.0,0.49019607843137253,0.49019607843137253,51,1
110,<class 'sklearn.svm._classes.OneClassSVM'>,Corynebacterium,-0.0015105740181268882,0.6857142857142857,0.1388355548458186,0.019335853523214326,0.033944237836583804,0.0196078431372549,0.0,0.49019607843137253,0.49019607843137253,51,1
119,<class 'sklearn.svm._classes.OneClassSVM'>,Frankia,-0.0015105740181268882,0.6857142857142857,0.1388355548458186,0.019335853523214326,0.033944237836583804,0.0196078431372549,0.0,0.49019607843137253,0.49019607843137253,51,1
132,<class 'sklearn.svm._classes.OneClassSVM'>,Rhodobacter,-0.0015105740181268882,0.6857142857142857,0.1388355548458186,0.019335853523214326,0.033944237836583804,0.0196078431372549,0.0,0.49019607843137253,0.49019607843137253,51,1
131,<class 'sklearn.svm._classes.OneClassSVM'>,Pyrococcus,0.0034303808602339694,0.6845431301679872,0.1588448730374049,0.030181109605696983,0.050724397317342976,0.02912621359223301,0.0,0.46601941747572817,0.5048543689320388,103,3
129,<class 'sklearn.svm._classes.OneClassSVM'>,Nocardia,0.0011654499076435923,0.683707302170224,0.15441999878924076,0.02934036723786607,0.049311389297938386,0.02912621359223301,0.0,0.47572815533980584,0.49514563106796117,103,3
75,<class 'sklearn.ensemble._iforest.IsolationForest'>,Lactococcus,-0.07719951228903292,0.6831740702482015,0.100518076760221,0.05225923335907255,0.06876672492945246,0.0,0.09090909090909091,0.2727272727272727,0.6363636363636364,110,10
142,<class 'sklearn.svm._classes.OneClassSVM'>,Thermus,0.003291540011119214,0.683056228841494,0.1614893763771658,0.03442752282792292,0.056755483720390625,0.033816425120772944,0.0,0.46859903381642515,0.4975845410628019,207,7
104,<class 'sklearn.svm._classes.OneClassSVM'>,Bifidobacterium,-0.001099481044946785,0.682871474172461,0.01216763411343253,0.0023118951955915417,0.003885526144973343,0.009708737864077669,0.019417475728155338,0.4854368932038835,0.4854368932038835,103,3
51,<class 'sklearn.ensemble._iforest.IsolationForest'>,Anabaena,-0.06574900771919986,0.6825395047309912,0.10323245263598924,0.04485607357718154,0.06253830204680641,0.0,0.07407407407407407,0.2962962962962963,0.6296296296296297,54,4
133,<class 'sklearn.svm._classes.OneClassSVM'>,Salmonella,0.010647760946024537,0.6813476811595017,0.17788766669657596,0.04188270522597272,0.06780183008667288,0.038461538461538464,0.0,0.4423076923076923,0.5192307692307693,104,4
143,<class 'sklearn.svm._classes.OneClassSVM'>,Xanthomonas,0.005206247496996396,0.6806031838197856,0.1682513330031776,0.03957160000461275,0.064073529840858,0.038461538461538464,0.0,0.46153846153846156,0.5,208,8
137,<class 'sklearn.svm._classes.OneClassSVM'>,Streptomyces,0.0035190583147088166,0.6753788446507332,0.17043119868033835,0.04482454055509788,0.07098068747653746,0.044585987261146494,0.0,0.46496815286624205,0.49044585987261147,157,7
103,<class 'sklearn.svm._classes.OneClassSVM'>,Bacteroides,0.003025366534791715,0.6743643102871643,0.1682513330031832,0.03957160000461408,0.06407352984086015,0.038461538461538464,0.0,0.46153846153846156,0.5,52,2
118,<class 'sklearn.svm._classes.OneClassSVM'>,Flavobacterium,-0.0026886237607124854,0.6727268205007042,0.15899339002802354,0.03743414825256139,0.06060028227798269,0.038461538461538464,0.0,0.4807692307692308,0.4807692307692308,52,2
127,<class 'sklearn.svm._classes.OneClassSVM'>,Mycoplasma,-0.0026886237607124854,0.6727268205007042,0.00018162147592430526,4.276181075452958e-05,6.922497033880974e-05,0.019230769230769232,0.019230769230769232,0.5,0.46153846153846156,52,2
115,<class 'sklearn.svm._classes.OneClassSVM'>,Escherichia,0.00409848991786824,0.671025213538636,0.05941333083033412,0.017550290459992745,0.027096469625164574,0.04265402843601896,0.009478672985781991,0.4549763033175355,0.4928909952606635,211,11
136,<class 'sklearn.svm._classes.OneClassSVM'>,Streptococcus,0.008030606277625085,0.6662512548448132,0.07791901419040989,0.026282050057916617,0.03930615193210481,0.053125,0.009375,0.44375,0.49375,320,20
128,<class 'sklearn.svm._classes.OneClassSVM'>,Neisseria,0.011561658017476753,0.6643158765782217,0.10156532577246785,0.03608260045978397,0.053248038974917505,0.05970149253731343,0.007462686567164179,0.43656716417910446,0.4962686567164179,268,18
120,<class 'sklearn.svm._classes.OneClassSVM'>,Haemophilus,0.023987422072913198,0.6637070480984305,0.20945424546817668,0.07979965344862487,0.1155688913048068,0.07407407407407407,0.0,0.41975308641975306,0.5061728395061729,162,12
135,<class 'sklearn.svm._classes.OneClassSVM'>,Sphaerotilus,-0.003432851347134089,0.6608505895985824,0.1730054389688834,0.05441718522336549,0.08279272170442442,0.05660377358490566,0.0,0.4716981132075472,0.4716981132075472,53,3
106,<class 'sklearn.svm._classes.OneClassSVM'>,Chlorella,0.01685875588625543,0.6561939961369581,0.20568053456521845,0.0783532973886795,0.11347766553715974,0.07407407407407407,0.0,0.42592592592592593,0.5,54,4
126,<class 'sklearn.svm._classes.OneClassSVM'>,Moraxella,0.01685875588625543,0.6561939961369581,0.20568053456521845,0.0783532973886795,0.11347766553715974,0.07407407407407407,0.0,0.42592592592592593,0.5,54,4
114,<class 'sklearn.svm._classes.OneClassSVM'>,Enterobacter,0.033873699491894504,0.6523691359369412,0.2278434404710406,0.10016039133923603,0.13915013148296004,0.09090909090909091,0.0,0.4,0.509090909090909,55,5
108,<class 'sklearn.svm._classes.OneClassSVM'>,Citrobacter,0.033873699491894504,0.6523691359369412,0.2278434404710406,0.10016039133923603,0.13915013148296004,0.09090909090909091,0.0,0.4,0.509090909090909,55,5
123,<class 'sklearn.svm._classes.OneClassSVM'>,Lactococcus,0.023600510735853526,0.6518199378655269,0.12424051254713926,0.054616355560564725,0.07587703038851414,0.00909090909090909,0.08181818181818182,0.5,0.4090909090909091,110,10
99,<class 'sklearn.svm._classes.OneClassSVM'>,Anabaena,-0.005203319717980071,0.6475881732368012,0.0,0.0,0.0,0.037037037037037035,0.037037037037037035,0.46296296296296297,0.46296296296296297,54,4
130,<class 'sklearn.svm._classes.OneClassSVM'>,Pseudomonas,-0.005203319717980071,0.6475881732368012,0.0,0.0,0.0,0.037037037037037035,0.037037037037037035,0.46296296296296297,0.46296296296296297,54,4
102,<class 'sklearn.svm._classes.OneClassSVM'>,Bacillus,0.0040912300130731384,0.6378019122470585,0.01850567096165278,0.008989779582641024,0.012101049423150082,0.06958250497017893,0.03578528827037773,0.4294234592445328,0.46520874751491054,503,53
124,<class 'sklearn.svm._classes.OneClassSVM'>,Methanocaldococcus,-0.006048874909266876,0.6365605139029281,0.0054662033886386276,0.0024029529637281397,0.003338357771762772,0.05454545454545454,0.03636363636363636,0.45454545454545453,0.45454545454545453,55,5
7,<class 'sklearn.cluster._dbscan.DBSCAN'>,Bacteroides,0.014546158312366945,0.612670536655276,0.13553209155467766,0.022455080499346372,0.03852697641887506,0.019230769230769232,0.019230769230769232,0.1346153846153846,0.8269230769230769,52,2
37,<class 'sklearn.cluster._dbscan.DBSCAN'>,Salmonella,-0.04457289915248886,0.6036144856394527,0.121316553102202,0.01836274053151822,0.031897417703665894,0.038461538461538464,0.0,0.5673076923076923,0.3942307692307692,104,4
5,<class 'sklearn.cluster._dbscan.DBSCAN'>,Arthrospira,-0.012657715949530897,0.44633959917939575,0.21533959051027887,0.013534664659944295,0.02546856258165583,0.0196078431372549,0.0,0.3333333333333333,0.6470588235294118,51,1
